<?xml version="1.0" encoding="UTF-8" standalone="no"?>
<svg
   id="a"
   viewBox="0 0 4196.3922 4297.011"
   version="1.1"
   width="4196.3921"
   height="4297.0107"
   xmlns="http://www.w3.org/2000/svg"
   xmlns:svg="http://www.w3.org/2000/svg">
  <defs
     id="defs4">
    <style
       id="style2">.b{fill:#000;}</style>
  </defs>
  <path
     class="b"
     d="m 4098.6105,1902.952 c -47.6,-61.24 -90.69,-100.6 -130.74,-136.84 -85.27,-77.16 -160.45,-127.58 -201.73,-153.67 -27.64,-17.47 -77.42,-48.71 -146.19,-80.97 -66.6,-31.24 -121.98,-49.82 -215.37,-77.52 -130.73,-38.78 -205.73,-61.03 -342.02,-92.11 -1.39,-0.32 -2.77,-0.63 -4.15,-0.94 0,0.13 0,0.26 0,0.4 -16.84,-4.68 -33.74,-9.35 -50.61,-13.99 -301.81,-82.86 -501.38,-127.66 -726.86,-158.7 -8.17,-1.12 -16.85,-2.3 -25.81,-3.48 -71.65,-19.23 -140.14,-38.43 -206.65,-57.09 -179.13,-50.25 -367.87,-108.71 -437.45,-108.12 -7.51,0.06 -33.17,0.98 -61.04,-12.27 -31.1,-14.78005 -33.78,-32.38005 -63.67,-56.99005 -32.67,-26.9 -66.1,-36.05 -111.97,-48.6 -30.08,-8.23 -54.11,-14.81 -87.09,-14.03 -27.56,0.65 -31.24,5.72 -48.9,1.64 -33.05,-7.65 -38.78,-29.73 -69.61,-31.94 -11.13,-0.8 -16.87,1.62 -22.84,2.83 1.39,-44.72 -12.94,-107.01 -14.49,-176.55 -1.46,-65.34 20.45,-143.6 64.27,-300.12 16.43,-58.7 35.8,-127.14 70.65,-215.11 40.24,-101.56 76.04,-165.8999996 71,-168.68999957 -5.01,-2.77000003 -46.38,57.48999957 -80.95,120.49999957 -13.53,24.67 -54.88,102.35 -94.03,230.9 -39.74,130.5 -50.92,227.1 -64.79,346.96 -6.53,56.4 -9.67,98.64 -10.63,130.31 -16.45,-5.79 -22.97,2.38 -46.62,-5.89 -22.44,-7.84 -23.39,-17.58 -39.78,-18.25 -11.41995,-0.47 -20.39995,4.01 -38.34995,12.96 -15.44,7.7 -26.36,15.63 -30.99,19.11 -21.56,16.25 -38.62,29.11 -44.68,48.95 -5.19,16.99 3.27,20.83 4.22,47.31 0.82,22.76 -4.89,35.05 -11.23,53.21 -29.57,-15.47 -75.75,-35.73 -147.81,-62.06 -113.33,-41.41 -204.67,-74.78 -339.12,-97.86 -132.44,-22.73 -220.42,-20.65 -248.54,-19.63 -71.850004,2.61 -144.2700036,12.52 -144.04000359775,18.24 0.22999999775,5.75 73.78999959775,2.65 182.61000359775,12.29 94.25,8.36 164.1,21.77 223.93,33.44 159.54,31.11 239.31,46.67 297.04,77.3 67.97,36.07 121,82.14005 163.92,97.43005 0,13.41 2.34,22.46 -0.88,45.1 -7.56,53.12 -28.08,56.36 -47.99,118.73 -17.32,54.25 -17.04,99.54 -16.78,117.3 0.77,53.64 17.56,92.97 15.8,100.77 -30.98,137.22 -85.07,371.95 -114.3,498.54 -12.88,34.9 -27.13,75.44 -38.22,107.94 -73.49,215.42 -123.05,413.86 -184.49,720.74 -18.28,91.28 -35.91,183.7 -50.94,265.38 -38.5,138.11 -73.72,278.93 -86.58,464.78 -4.2,60.75 -12.09,214.01 31.4,397.76 1.86,7.86 27.11,111.61 90.28,233.1 5.4,10.39 46.84,88.29 125.19,150.96 23.93,19.14 50.69,36.38 74.77,28.75 18.59,-5.88 24.81,-23.17 39.52,-45.76 9.04,-13.89 38.27,-39.84 96.72,-91.74 70.23,-62.36 105.35,-93.53 106.07,-93.93 13.33,-7.41 35.11,-18.08 40.12,-39 4.29,-17.92 -5.99,-33.9 -10.64,-42.43 -34.37,-62.93 0.1,-154.08 5.47,-168.29 4.29,-11.35 42.61,-112.68 110.40995,-121.57 22.72,-2.98 39.61,5.62 63.41,-7.02 21.71,-11.54 19.92,-25.22 42.1,-47.35 24.42,-24.37 52.64,-33.8 95.18,-48 38.84,-12.97 51.05,-10.83 72.53,-26.91 8.73,-6.53 26.96,-20.18 34.35,-42.58 8.58,-25.99 -4.47,-42.5 -15.59,-83.08 -10.09,-36.83 -25.62,-93.54 -1.12,-134.78 12.03,-20.25 30,-30.53 59.79,-47.57 35.46,-20.28 45.54,-15.36 81.27,-35.86 29.31,-16.82 51.81,-29.73 61.77,-55.92 11.38,-29.92 -0.28,-59.63 -5.04,-71.76 -10.83,-27.6 -26.57,-40.1 -43.39,-58.8 -28.82,-32.02 -47.3,-76.52 -84.25,-165.51 -9.75,-23.48 -16.73,-43.8 -30.7,-84.46 -18.93,-55.11 -19.87,-64.05 -17.57,-74.73 4.81,-22.35 16.96,-20.69 64.14,-75.21 26.87,-31.05 33.18,-43.44 47.87,-43.78 18.54,-0.43 25.89,18.9 52.3,21.22 16.38,1.44 26.04,-4.9 34.78,-7.19 46.67,-12.23 94.78,83.68 176.67,147.73 40.92,32 27.94,7.3 156.52,74.6 101.36,53.04 136.29,82.45 197.68,77.74 42.5,-3.26 74.3,-21.08 83.47,-26.52 44.44,-26.36 65.73,-63.5 73.48,-77.4 28.69,-51.52 26.27,-106.95 20.27,-215.71 -4.25,-76.88 -6.37,-115.31 -18.43,-145.5 -11.71,-29.32 -33.21,-68.01 -50.03,-133.14 -7.51,-29.08 -8.11,-40.27 -3.23,-51.48 14.83,-34.12 63.44,-29.74 77.27,-65.48 7.69,-19.88 -5,-27.31 1.55,-43.74 15.67,-39.33 111.5,-54.61 187.04,-26.22 62.12,23.35 97.72,71.41 117.78,98.49 15.45,20.85 34.79,59.4 73.49,136.5 29.05,57.88 36.78,76.41 61.52,93.97 6.06,4.3 51.99,35.92 98.62,21.18 5.52,-1.75 17.82,-6.28 57.21,-45.98 56.58,-57.02 54.36,-70.99 78.64,-80.59 42.23,-16.69 91.09,8.93 112.14,19.97 15.16,7.95 13.18,9.45 88.72,62.93 29.59,20.95 42.88,29.91 59.67,27.38 12.15,-1.84 19.56,-8.7 46.88,-39.61 55.36,-62.62 54.81,-68.18 70.9,-75.81 23.24,-11.03 30.86,-2.49 70.55,-18.56 15.51,-6.27 27.66,-11.19 40.33,-21.31 29.8,-23.79 24.25,-45.81 44.47,-66.64 26.69,-27.5 70.74,-24.53 126.21,-20.8 35.9,2.42 68.94,4.65 104.39,24.75 31.38,17.79 37.54,34.22 78.18,51.61 18.5,7.92 37.99,15.98 61.04,12.27 24.86,-4.01 36.19,-18.87 56.82,-35.04 21.11,-16.55 19.34,-8.9 148.64,-59.58 87.68,-34.37 69.48,-30.43 85.45,-34.87 19.48,-5.42 30.87,-6.91 39.34,-17.13 16.33,-19.69 6.67,-53.43 -1.47,-77.53 -34.77,-102.92 -87.44,-170.68 -87.44,-170.68 z m -3056.87,-271.64 c -54.32995,-93.82 -81.49995,-140.73 -97.82995,-175.91 -36.94,-79.58 -55.41,-119.37 -61.94,-146.52 -24.11,-100.19 -6.56,-182.91 8.08,-251.88 12.62,-59.46005 19.45,-89.81005 44.95,-120.08005 54.5,-64.7 137.72995,-67.74 144.63995,-67.89 29.28,-0.61 35.58,6.36 115.52,31.78 118.93,37.82 126.98,29.38 176.45,52.82 58.85,27.88 95.26,62.47005 131.51,96.91005 60.13,57.12 88.72,108.26 141.42,190.5 76.16,118.83 72.2,145.15 63.43,157.2 -16.93,23.26 -67.85,15.47 -96.38,6.77 -62.82,-19.16 -88.55,-64.51 -154.2,-149.1 -60.14,-77.48 -113.51,-145.48 -188.43,-204.6 -68.11,-53.75005 -153.09,-99.40005 -166.68,-83.94005 -13.31,15.14 52.22,77.03005 123.56,215.88005 10.07,19.6 77.99,151.78 58.63,164.94 -18.4,12.51 -108.16,-87.53 -118.64,-99.21 -35.84,-39.94 -54.34,-68.56 -110.66,-132.86 -56.01995,-63.94 -63.65995,-65.23 -67.87995,-63.48 -26.77,11.11 16.04995,172.82 34.40995,242.13 23.53,88.84 35.29,133.26 55.97,176.16 50.73,105.21 107.46,147.31 89.1,198.82 -8.41,23.6 -31.03,44.84 -52.44,44.68 -23.55,-0.18 -39.63,-26.23 -72.58,-83.13 z m 693.32,137.16 c 5.36,4.63 -28.64,57.15 -69.57,100.45 -27.81,29.42 -65.17,68.12 -124.89,90.72 -53.61,20.29 -109.9,21.8 -111.83,14.16 -1.85,-7.3 47.09,-18.86 106.6,-49.3 129.55,-66.28 192.43,-162.32 199.7,-156.04 z m -209.93,1333.2 c -4.11,10.69 -248.66,-123.88 -348.07,-36.68 -22.69,19.9 -58.58,69.57 -72.83,129.88 -9.96,42.13 -5.5,73.14 -32.64,103.2 -20.69,22.92 -48.93,33.31 -61.55,37.96 -33.36995,12.28 -49.46995,7.46 -73.15995,13.02 -42.71,10.03 -56.18,41.16 -100.35,88.32 -65.42,69.84 -133.3,105.55 -161.7,120.49 -75.58,39.76 -127.7,45.26 -139.45,46.35 -56.66,5.24 -94.28,-7.11 -104.87,-10.85 -36.5,-12.88 -72.54,-36.47 -69.89,-42.89 4.16,-10.06 93.1,46.85 201.08,27.21 54.92,-9.99 98.09,-36.76 130.38,-56.78 29.4,-18.23 54.84,-40.19 104.53,-83.37 94.02,-81.71 93.09,-91.89 127.69,-107.1 64.03,-28.15 90.52995,-3.54 125.12995,-34.64 31.62,-28.42 17.15,-55.87 45.98,-132.32 18.99,-50.35 43.02,-114.06 97.62,-140.54 38.68,-18.76 75.94,-10.36 150.47,6.44 104.58,23.57 183.96,66.21 181.62,72.29 z m -151.33,-800.44 c 1.3,3.76 6.02,16.51 1.61,30.2 -5.77,17.93 -23.77,26.84 -31.92,31.03 -73.86,37.94 -74.08,65.23 -140.98,84.11 -38.7,10.92 -60.52,7.97 -66.57,7.02 -29.65,-4.65 -33.99,-16.66 -50.31,-17.19 -48.11,-1.56 -96.24995,100.02 -116.21995,179.45 -10.41,41.39 -13.11,76.51 -17.43,132.7 -6.14,79.9 -0.7,107.68 -20.1,151.36 -8.43,18.98 -33.54,75.54 -73.14,79.14 -37.19,3.38 -44.32,-43.84 -106.03,-70.75 -43.42,-18.94 -101.75,-22.54 -151.19,-6.02 -43.13,14.41 -60.31,37.72 -101.02,33.94 -6.02,-0.56 -23.65,-2.22 -39.25,-11.2 24.97,-115.29 56.5,-253.24 95.22,-406.65 22.28,-88.28 44.41,-171.66 65.15,-247.69 0.53,-0.03 1.05,-0.05 1.59,-0.05 18.46,0.02 29.66,16.48 71.02,18.59 23.69,1.21 42.57,-3.03 70.68,-9.56 54.9,-12.74 75.25,-26.89 89.65,-15.58 13.23,10.39 8.49,32.12 18.22,34.14 9.12,1.89 12.85,-17.29 29.07,-26.44 26.43,-14.9 52.87,15.51 107.86995,18.56 25.38,1.4 50.85,2.81 66.09,-12.4 27.96,-27.9 -14.5,-75.74 3.97,-149.93 12.7,-51.03 46.98,-85.41 55.58,-93.83 38.76,-37.98 68.47,-35.57 109.51,-84.56 9.05,-10.8 20.43,-24.39 31.74,-45.1 20.76,-38.02 21.38,-63.61 31.09,-64.55 14.49,-1.41 30.88,53.79 33.91,64.17 17.27,59.27 23.35,112.78 26.44,199.24 4.95,138.2 -4.63,167.87 5.73,197.83 z m 92.73,-79.55 c 31.36,33.45 24.08,40.69 67.57,97.79 18.12,23.79 44.34,55.3 56.77,70.24 21.61,25.97 28.29,33.15 36.86,48.5 9.57,17.15 23.41,41.96 22.45,73.02 -1.37,44.38 -32.16,75.59 -33.83,74.72 -1.51,-0.78 18.48,-28.85 17.88,-72.15 -0.11,-7.99 -0.88,-13.98 -1.21,-16.31 -4.71,-33.43 -22.4,-56.42 -47.07,-88.53 -19.07,-24.81 -38.94,-50.69 -41.94,-54.6 -51.35,-66.97 -48.43,-76.21 -80.05,-112.22 -47.13,-53.69 -59.81,-40.22 -77.15,-73.45 -14.39,-27.59 -9.08,-43.43 -8.31,-147.75 0.44,-59.39 0.65,-89.09 -1.98,-111.72 -11.03,-94.65 -48.7,-150.48 -45.87,-151.79 3.94,-1.82 67.22,97.42 54.92,211.5 -1.61,14.97 2.7,38.3 0.16,67.5 -5.68,65.52 -0.02,96.49 19.26,130.22 15.08,26.38 24.51,15.53 61.54,55.03 z m 704.87,248.93 c 0.22,2.64 -47.76,2.73 -118.36,24.84 -37.56,11.76 -67.43,21.11 -100.87,44.45 -33.84,23.61 -54.82,50.02 -84.92,87.9 -32.42,40.81 -47.39,68.18 -49.4,67.01 -2.58,-1.51 16.32,-50.12 51.33,-96.2 18.16,-23.9 60.78,-78.57 138.21,-109.83 84.47,-34.11 163.73,-21.53 164.01,-18.16 z m -30.34,-95.77 c 0.62,4.94 -61.6,7.13 -153.62,45.09 -29.45,12.15 -66.12,27.27 -105.27,55.37 -87.83,63.04 -122.16,144.05 -126.8,141.22 -3.98,-2.42 18.97,-63.56 68.78,-120.72 53.16,-61 111.42,-88.21 125.14,-94.37 95.79,-42.95 191.01,-32.65 191.76,-26.6 z m -182.14,-78.48 c -47.83,21.56 -71.74,32.34 -96.1,46.65 -36.57,21.49 -62.62,42.01 -109.15,78.67 -46.05,36.28 -66.19,55.27 -67.6,53.78 -2.05,-2.16 36.47,-46.44 85.32,-88.24 28.61,-24.48 77.53,-65.73 150.4,-98.24 73.89,-32.96 143.83,-44.19 145.11,-40.17 0.89,2.81 -31.73,13.17 -107.99,47.55 z m -58.34,-139.52 c -10.67,13.31 -51.42,62.15 -137.1,106.47 -80.01,41.38 -162.13,59.66 -164.96,52.41 -2.17,-5.56 43.57,-23.16 141.4,-81.73 61.85,-37.02 93.5,-56.19 129.33,-87.98 52.72,-46.79 77.88,-87.06 82.58,-83.81 4.9,3.39 -16.52,51.31 -51.25,94.63 z m -124.5,-139.68 c -34.14,38.91 -68.46,59.43 -109.77,84.14 -65.32,39.06 -106.14,46.65 -128.6,49.17 -16.76,1.88 -55.01,4.49 -56.84,-3.31 -2.64,-11.23 74.39,-26.19 168.6,-82.06 31.78,-18.85 81.26,-48.69 129.16,-101.58 51.66,-57.03 69.09,-105.09 73.54,-102.9 5.72,2.82 -14.51,86.35 -76.09,156.53 z m 337.95,192.56 c -28.19,-13.09 -44.14,-36.59 -55.17,-52.84 -9.87,-14.54 -13.28,-23.73 -26.79,-54.71 -7.77,-17.81 -24.16,-55.4 -37.28,-82.26 -31.5,-64.5 -41.23,-61.24 -57.05,-104.28 -18.67,-50.82 -4.74,-54.38 -21.54,-79.69 -21.49,-32.37 -46.62,-51.34 -107.72,-75.67 -27.22,-10.84 -46.14,-25.17 -60.24,-30.45 -107.47,-40.22 -167.73,-141.32 -164.34,-144.02 2.44,-1.95 35.42,56.77 115.04,109.13 19.04,12.52 45.67,25.65 98.94,51.92 93.57,46.15 110.11,48.51 128.3,73.76 21.91,30.41 4.18,35.7 31,101.91 17.99,44.42 27.55,45.95 64.35,121.91 2.15,4.44 16.35,33.81 29.96,61.99 17.61,36.46 30.21,62.58 57.98,81.8 1.93,1.33 6.94,4.72 14.03,8.4 38.43,19.97 72.48,14.71 72.5,16.41 0.02,1.89 -41.69,15.38 -81.96,-3.31 z m 183.98,-403 c -46.91,51.31 -71.39,39.25 -138.45,88.22 -7.4,5.4 -23.44,17.48 -42.05,14.59 -14.21,-2.21 -23.49,-12.15 -26.27,-15 -22.13,-22.71 -52.94,-27.47 -174.21,-93.93 -75.87,-41.58 -120.96,-71.03 -166.16,-113.07 -7.92,-7.37 -49.89,-46.79 -42.12,-59.11 5.2,-8.26 28.35,2.68 71.64,1.2 23.59,-0.81 40.84,-4.88 54.55,-8.12 62.2,-14.68 73.38,-42.32 124.72,-59.9 11.38,-3.9 57.49,-19.1 108.8,-7.54 74.58,16.8 98.27,76.22 135.75,63.76 20.44,-6.79 30.61,-30.18 40.75,-53.49 21.97,-50.51 6.67,-87.79 31.84,-104.72 15.46,-10.39 34.27,-5.12 36.68,-14.11 2.56,-9.6 -18.98,-15.12 -22.33,-31.61 -3.64,-17.94 18.14,-29.78 54.17,-73.11 18.45,-22.19 30.72,-37.16 40.27,-58.87 9.57,-21.76 10.47,-36.76 11.05,-48.71 105.14,20.5 230.48,45.8 366.15,75.9 106.89,23.71 205.62,47.18 294.15,69.14 -1.83,9.71 -4.86,17.49 -6.24,21 -14.9,38.08 -43.44,42.96 -75.68,75.03 -36.95,36.76 -59.92,90.51 -62.49,137.8 -3.65,67.22 35.34,94.79 15.62,126.5 -21,33.77 -82.81,30.82 -103.56,29.83 -47.74,-2.28 -70.13,-19.61 -144.28,-49.99 -52.14,-21.36 -84.74,-34.72 -126.4,-44 -79.94,-17.81 -192.32,-20.4 -212.52,23.29 -6.85,14.82 1.93,24.09 -7.22,52.67 -1.87,5.83 -9.03,26.66 -36.16,56.33 z m 1369.98,-169.11 c -1.41,11.14 -7.26,50.3 -37.38,98.58 -6.24,10.01 -34.56,54.11 -104.02,103.8 -26.09,18.67 -88.47,63.29 -180.25,90.4 -61.97,18.3 -95.83,16.36 -123.97,50.02 -15.6,18.67 -18.52,35.22 -44.48,59.53 -9.82,9.2 -31.78,29.76 -61.55,37.96 -39.05,10.76 -64.76,-7.15 -106.87,-17.16 -60.29,-14.34 -120.78,-4.56 -148.75,6.78 -122.56,49.68 -112.08,328.62 -123.48,327.49 -6.48,-0.64 -8.94,-90.71 16.94,-194.74 18.44,-74.14 27.67,-111.2 61.79,-137.34 48.18,-36.9 115.89,-29.78 169.41,-24.14 81.26,8.55 99.29,33.8 138.88,18.31 43.32,-16.95 33.23,-51.69 87.13,-96.26 29.13,-24.09 37.81,-18.68 153.03,-66.02 60.89,-25.02 91.93,-37.89 121.42,-55.98 32.39,-19.87 75.68,-46.42 109.26,-91.01 66.03,-87.67 55.1,-192.69 65.95,-191.89 6.93,0.51 11.83,43.3 6.95,81.7 z"
     id="path6" />
</svg>
